Candidate,Constituency,Party,Criminal Cases,Education,Total Assets,Liabilities,Year
Bapu Rao Soyam,ADILABAD,BJP, 52 ,12th Pass,3099414,231450,2019
Satyapal Singh Baghel,AGRA,BJP, 5 ,Doctorate,74274036,8606522,2019
Patel Hasmukhbhai Somabhai,AHMEDABAD EAST,BJP,0,Others,74699690,6252577,2019
Dr. Solanki Kiritbhai,AHMEDABAD WEST,BJP,0,Post Graduate,89474039,0,2019
Sujay Radhakrishna Vikhe,AHMEDNAGAR,BJP,0,Doctorate,168664576,2623964,2019
Bhagirath Chaudhary,AJMER,BJP,0,12th Pass,85101774,8319942,2019
Sanjay Shamrao Dhotre,AKOLA,BJP, 1 ,Graduate Professional,77153230,14985774,2019
A M Ariff,ALAPPUZHA,CPI(M), 2 ,Graduate Professional,15268906,2220700,2019
Ramya Haridas,ALATHUR,INC, 3 ,10th Pass,1152816,0,2019
Satish Kumar Gautam,ALIGARH,BJP,0,10th Pass,109522559,28095176,2019
John Barla,ALIPURDUARS,BJP, 9 ,8th Pass,1418730,0,2019
Rita Bahuguna Joshi,ALLAHABAD,BJP, 6 ,Doctorate,26919330,1600000,2019
Ajay Tamta,ALMORA,BJP,0,12th Pass,9910448,55845,2019
Mahant Balak Nath,ALWAR,BJP,0,10th Pass,352929,0,2019
Chinta Anuradha,AMALAPURAM,YSRCP,0,Graduate,85993362,2431407,2019
Rattan Lal Kataria,AMBALA,BJP,0,Post Graduate,54361499,188861,2019
Ritesh Pandey,AMBEDKAR NAGAR,BSP, 1 ,Graduate,307265103,24739098,2019
Smriti Irani,AMETHI,BJP,0,12th Pass,111099609,0,2019
Navneet Ravi Rana,AMRAVATI,IND, 1 ,10th Pass,124554656,70576979,2019
Kachhadiya Naranbhai Bhikhabhai,AMRELI,BJP,0,12th Pass,35900763,828961,2019
Gurjeet Singh Aujla,AMRITSAR,INC,0,12th Pass,34011739,9031565,2019
Kunwar Danish Ali,AMROHA,BSP,0,Graduate,74920879,19579691,2019
Dr.Beesetti Venkata Satyavathi,ANAKAPALLE,YSRCP,0,Graduate Professional,91526244,11139279,2019
Miteshbhai Patel,ANAND,BJP, 2 ,Others,77043053,7810840,2019
Manish Tewari,ANANDPUR SAHIB,INC,0,Graduate Professional,154637860,0,2019
Talari Rangaiah,ANANTAPUR,YSRCP, 1 ,Doctorate,11773091,1135547,2019
Hasnain Masoodi,ANANTNAG,Jammu & Kashmir National Conference,0,Post Graduate,87620672,0,2019
Kuldeep Rai Sharma,ANDAMAN AND NICOBAR ISLANDS,INC,0,Graduate Professional,132233012,80450870,2019
Dharmendra Kumar,AONLA,BJP,0,10th Pass,21766502,3324300,2019
S. Jagathrakshakan,ARAKKONAM,DMK, 2 ,10th Pass,1146984897,166365972,2019
Goddeti Madhavi,ARAKU,YSRCP,0,Graduate Professional,141179,0,2019
Aparupa Poddar (Afrin Ali),ARAMBAG,AITC, 1 ,Post Graduate,12527597,4244000,2019
Vishnuprasad. M.K,ARANI,INC, 1 ,Graduate Professional,234564815,33409505,2019
Pradeep Kumar Singh,ARARIA,BJP, 3 ,10th Pass,5010577,1159200,2019
R. K. Singh,ARRAH,BJP, 1 ,Graduate Professional,79971720,0,2019
Tapir Gao,ARUNACHAL EAST,BJP,0,Post Graduate,136628259,0,2019
Kiren Rijiju,ARUNACHAL WEST,BJP,0,Graduate Professional,15279000,0,2019
Pramila Bisoyi,ASKA,BJD,0,5th Pass,732470,0,2019
Adoor Prakash,ATTINGAL,INC, 7 ,Graduate Professional,144098612,27622685,2019
Imtiaz Jaleel Syed,AURANGABAD,AIMIM, 4 ,Post Graduate,29562768,6800000,2019
Sushil Kumar Singh,AURANGABAD,BJP, 3 ,Post Graduate,167895109,3746607,2019
Horen Sing Bey,AUTONOMOUS DISTRICT,BJP, 2 ,Graduate,20693570,5956209,2019
Akhilesh Yadav,AZAMGARH,SP,0,Graduate Professional,377859166,2853000,2019
Sangh Mitra Maurya,BADAUN,BJP, 2 ,Graduate Professional,40372093,0,2019
Gaddigoudar Parvatagouda Chandanagouda,BAGALKOT,BJP,0,Graduate Professional,43980663,7987991,2019
Dr. Satyapal Singh,BAGHPAT,BJP, 1 ,Post Graduate,78195793,0,2019
Adhir Ranjan Chowdhury,BAHARAMPUR,INC, 7 ,10th Pass,101315437,8506984,2019
Akshayabar Lal,BAHRAICH,BJP,0,10th Pass,45691463,3028133,2019
Dr. Dhal Singh Bisen,BALAGHAT,BJP,0,Others,88648133,1530693,2019
Pratap Chandra Sarangi,BALASORE,BJP, 7 ,Graduate,1346236,160,2019
Virendra Singh,BALLIA,BJP, 2 ,Graduate,24498319,0,2019
Sukanta Majumdar,BALURGHAT,BJP,0,Doctorate,5825866,2168170,2019
Parbatbhai Patel,BANASKANTHA,BJP,0,Graduate Professional,41819177,4500000,2019
R.K. Singh Patel,BANDA,BJP, 2 ,Graduate,55794086,0,2019
P. C. Mohan,BANGALORE CENTRAL,BJP,0,12th Pass,755529306,312521957,2019
D.V. Sadananda Gowda,BANGALORE NORTH,BJP,0,Graduate Professional,209384539,104302653,2019
D.K. Suresh,BANGALORE RURAL,INC, 5 ,12th Pass,3388920717,519320305,2019
Tejasvi Surya,BANGALORE SOUTH,BJP,0,Graduate Professional,1346593,0,2019
Shantanu Thakur,BANGAON,BJP, 8 ,Graduate,5265388,0,2019
Giridhari Yadav,BANKA,JD(U), 1 ,Post Graduate,19816050,405701,2019
Subhas Kumar Sarkar,BANKURA,BJP, 1 ,Graduate Professional,19799440,3261495,2019
Kamlesh Paswan,BANSGAON,BJP, 5 ,Graduate,171706883,6049264,2019
Kanakmal Katara,BANSWARA,BJP,0,Graduate Professional,58711904,1746729,2019
Suresh Babu Nandigam,BAPATLA,YSRCP,0,8th Pass,4158610,269000,2019
Upendra Singh Rawat,BARABANKI,BJP, 1 ,Post Graduate,18050127,3171774,2019
Supriya Sadanand Sule,BARAMATI,NCP,0,Graduate,1408888704,5500000,2019
Mohammad Akbar Lone,BARAMULLA,Jammu & Kashmir National Conference,0,Graduate Professional,597434000,104935,2019
Dr. Kakoli Ghoshdastidar,BARASAT,AITC, 2 ,Post Graduate,40531018,1496059,2019
Surendrajeet Singh Ahluwalia,BARDHAMAN DURGAPUR,BJP,0,Graduate Professional,26521750,744076,2019
Sunil Kumar Mondal,BARDHAMAN PURBA,AITC,0,Graduate Professional,20371283,148598,2019
Parbhubhai Nagarbhai Vasava	,BARDOLI,BJP,0,Others,28350217,3676869,2019
Santosh Kumar Gangwar,BAREILLY,BJP,0,Graduate Professional,126356142,13055209,2019
Suresh Pujari,BARGARH,BJP,0,Post Graduate,11673429,0,2019
Kailash Choudhary,BARMER,BJP, 2 ,Graduate,2402250,0,2019
Abdul Khaleque,BARPETA,INC,0,Post Graduate,7398753,2703693,2019
Arjun Singh,BARRACKPUR,BJP, 24 ,10th Pass,8055691,1100000,2019
Nusrat Jahan Ruhi,BASIRHAT,AITC,0,12th Pass,29088391,16881608,2019
Deepak Kumar Baij,BASTAR,INC, 1 ,Post Graduate,7721293,1801236,2019
Harish Chandra Alias Harish Dwivedi,BASTI,BJP, 5 ,Post Graduate,8662344,322490,2019
Harsimrat Kaur Badal,BATHINDA,SAD,0,10th Pass,2179919870,954852600,2019
Pritam Gopinathrao Munde,BEED,BJP, 1 ,Post Graduate,167477926,98833794,2019
Giriraj Singh,BEGUSARAI,BJP, 6 ,Graduate,83024577,12236000,2019
Angadi Suresh,BELGAUM,BJP,0,Graduate Professional,366164525,198479638,2019
Y. Devendrappa,BELLARY,BJP,0,5th Pass,40107878,250000,2019
Chandra Sekhar Sahu,BERHAMPUR,BJD,0,10th Pass,11716989,0,2019
Durga Das (D.D.) Uikey,BETUL,BJP,0,Post Graduate,15413532,875803,2019
Ramesh Chand,BHADOHI,BJP, 6 ,10th Pass,94089148,21696413,2019
Manjulata Mandal,BHADRAK,BJD,0,Graduate,39417891,8958149,2019
Ajay Kumar Mandal,BHAGALPUR,JD(U),0,8th Pass,6801126,5364747,2019
Sunil Baburao Mendhe,BHANDARA GONDIYA,BJP, 2 ,Others,627543615,19861338,2019
Ranjeeta Kumari,BHARATPUR,BJP,0,8th Pass,3117190,0,2019
Mansukhbhai Vasava,BHARUCH,BJP,0,Post Graduate,6835957,0,2019
Dr.Bharatiben Dhirubhai Shiyal,BHAVNAGAR,BJP,0,Graduate Professional,17753161,3689036,2019
Subhash Chandra Baheria,BHILWARA,BJP,0,Graduate,232703276,1827380,2019
Sandhya Ray,BHIND,BJP,0,Post Graduate,51108660,13400000,2019
Kapil Moreshwar Patil,BHIWANDI,BJP,0,Graduate,418850781,5645459,2019
Dharambir Singh,BHIWANI MAHENDRAGARH,BJP,0,Graduate,60642205,240000,2019
Komatireddy Venakat Reddy,BHONGIR,INC, 14 ,12th Pass,162543845,24069129,2019
Sadhvi Pragya Singh Thakur,BHOPAL,BJP, 1 ,Post Graduate,444224,0,2019
Aparajita Sarangi,BHUBANESWAR,BJP,0,Graduate,31677600,4329959,2019
Bhagwanth Khuba,BIDAR,BJP, 1 ,Graduate Professional,51836416,10239000,2019
Jigajinagi Ramesh Chandappa,BIJAPUR,BJP,0,Graduate,504122985,1600000,2019
Malook Nagar,BIJNOR,BSP, 7 ,Graduate,2499628021,1016148176,2019
Arjun Ram Meghwal,BIKANER,BJP,0,Post Graduate,23524459,1060314,2019
Arun Sao,BILASPUR,BJP,0,Graduate Professional,13544588,50000,2019
Satabdi Roy (Banerjee),BIRBHUM,AITC,0,Graduate,48652722,18604443,2019
Saumitra Khan,BISHNUPUR,BJP, 6 ,12th Pass,8656777,1077120,2019
Smt. Sangeeta Kumari Singh Deo,BOLANGIR,BJP,0,Graduate,379590851,7500000,2019
Asit Kumar Mal,BOLPUR,AITC,0,10th Pass,1310691,0,2019
Bhola Singh,BULANDSHAHR,BJP, 1 ,Graduate,18728861,0,2019
Prataprao Ganpatrao Jadhav,BULDHANA,SHS, 3 ,12th Pass,116272966,735482,2019
Ashwini Kumar Choubey,BUXAR,BJP, 3 ,Graduate,40183612,1350667,2019
Benny Behanan,CHALAKUDY,INC, 4 ,Graduate,20461931,915938,2019
V Srinivas Prasad,CHAMARAJANAGAR,BJP,0,Post Graduate,143804441,324909,2019
Dr. Mahendra Nath Pandey,CHANDAULI,BJP,0,Doctorate,33359734,0,2019
Kirron Kher,CHANDIGARH,BJP,0,Post Graduate,474983574,6279188,2019
Harsh Vardhan,CHANDNI CHOWK,BJP,0,Post Graduate,30171897,0,2019
Dhanorkar Suresh Narayan,CHANDRAPUR,INC, 5 ,12th Pass,137455342,22752880,2019
Sunil Kumar Singh,CHATRA,BJP,0,Post Graduate,226209137,1889051,2019
Dayanidhi Maran,CHENNAI CENTRAL,DMK, 1 ,Graduate,116790616,0,2019
Dr. Kalanidhi Veeraswamy,CHENNAI NORTH,DMK,0,Post Graduate,405294714,258386550,2019
Sumathy Alias Thamizhachi Thangapandian,CHENNAI SOUTH,DMK,0,Doctorate,91793460,500000,2019
Dr.Gaddam Ranjith Reddy,CHEVELLA,TRS,0,Post Graduate,1634695131,197007553,2019
Nakul Nath,CHHINDWARA,INC,0,Graduate,6601946757,8791712,2019
Rathva Gitaben Vajesingbhai,CHHOTA UDAIPUR,BJP,0,12th Pass,8634660,0,2019
Thirumaavalavan Thol,CHIDAMBARAM,Viduthalai Chiruthaigal Katchi, 3 ,Doctorate,9244092,394248,2019
B.N.Bache Gowda,CHIKKBALLAPUR,BJP,0,Graduate Professional,1153501141,0,2019
Annasaheb Shankar Jolle,CHIKKODI,BJP,0,12th Pass,344922831,195595693,2019
A Narayanaswamy,CHITRADURGA,BJP,0,Graduate,96197642,0,2019
N. Reddeppa,CHITTOOR,YSRCP,0,Post Graduate,17355862,1341542,2019
Chandra Prakash,CHITTORGARH,BJP,0,Graduate,19725115,100000,2019
Rahul Kaswan,CHURU,BJP,0,Graduate,36723865,15163379,2019
P R Natarajan,COIMBATORE,CPI(M), 1 ,12th Pass,20284430,3234168,2019
Sri Nisith Pramanik,COOCH BEHAR,BJP, 11 ,8th Pass,9629810,0,2019
T. R. V .S. Ramesh,CUDDALORE,DMK,0,Graduate Professional,423378552,102828604,2019
Bhartruhari Mahtab,CUTTACK,BJD,0,Post Graduate,106894976,0,2019
Delkar Mohanbhai Sanjibhai,DADRA AND NAGAR HAVELI,IND,0,Graduate,708885980,37268162,2019
Jasvantsinh Sumanbhai Bhabhor,DAHOD,BJP,0,Graduate Professional,27070480,0,2019
Nalin Kumar Kateel,DAKSHINA KANNADA,BJP, 4 ,10th Pass,14678300,4450945,2019
Patel Lalubhai Babubhai,DAMAN AND DIU,BJP,0,8th Pass,213993750,9969514,2019
Prahalad Singh Patel,DAMOH,BJP,0,Graduate Professional,43292483,4230614,2019
Gopaljee Thakur,DARBHANGA,BJP,0,Post Graduate,19301808,1039660,2019
Raju Bista,DARJEELING,BJP,0,Graduate,151106062,27428941,2019
Jaskaur Meena,DAUSA,BJP,0,Post Graduate,143742564,5825431,2019
G M Siddeshwar,DAVANAGERE,BJP,0,10th Pass,380164932,14670809,2019
Ramapati Ram Tripathi,DEORIA,BJP, 1 ,Graduate Professional,29451678,9310684,2019
Mahendra Singh Solanky,DEWAS,BJP,0,Graduate Professional,3812464,1832631,2019
Pashupati Nath Singh,DHANBAD,BJP,0,Graduate,27286918,0,2019
Chhatar Singh Darbar,DHAR,BJP, 1 ,Post Graduate,23198238,2471613,2019
Dnv Senthilkumar.S,DHARMAPURI,DMK, 1 ,Post Graduate,48477451,6053502,2019
Pralhad Joshi,DHARWAD,BJP, 1 ,Graduate,111384447,51736254,2019
Rekha Verma,DHAURAHRA,BJP, 3 ,12th Pass,24735488,7095916,2019
Mahesh Sahoo,DHENKANAL,BJD, 1 ,12th Pass,14529286,0,2019
Badruddin Ajmal,DHUBRI,AIUDF, 7 ,Post Graduate,788064044,10159381,2019
Subhash Ramrao Bhamre,DHULE,BJP, 2 ,Post Graduate,158651112,1000000,2019
Abhishek Banerjee,DIAMOND HARBOUR,AITC,0,Graduate,13794320,0,2019
Rameswar Teli,DIBRUGARH,BJP,0,10th Pass,4370067,0,2019
Velusamy P,DINDIGUL,DMK,0,Illiterate,148076407,31474526,2019
Bharti Pawar,DINDORI,BJP,0,Graduate Professional,122885349,1449572,2019
Jagdambika Pal,DOMARIYAGANJ,BJP, 3 ,Post Graduate,103366710,2838478,2019
Sougata Ray,DUM DUM,AITC, 1 ,Post Graduate,42518790,0,2019
Sunil Soren,DUMKA,BJP,0,12th Pass,4737559,685516,2019
Vijay Baghel,DURG,BJP,0,Graduate,34429027,8748686,2019
Gautam Gambhir,EAST DELHI,BJP, 1 ,12th Pass,1471587789,342035860,2019
Sridhar Kotagiri	,ELURU,YSRCP,0,Graduate,462808829,33560974,2019
Hibi Eden,ERNAKULAM,INC, 7 ,Graduate,7908467,200000,2019
Ganeshamurthi A,ERODE,DMK,0,Graduate,43110000,2060000,2019
Rajveer Singh,ETAH,BJP,0,Graduate Professional,383629735,100220000,2019
Dr Ram Shankar Katheria,ETAWAH,BJP, 12 ,Doctorate,15154538,7304616,2019
Lallu Singh,FAIZABAD,BJP, 1 ,Post Graduate,31884642,11276478,2019
Krishan Pal,FARIDABAD,BJP,0,Graduate Professional,369652786,105593242,2019
Mohammad Sadique,FARIDKOT,INC,0,5th Pass,19793884,311043,2019
Mukesh Rajput,FARRUKHABAD,BJP,0,Graduate,74964501,388246,2019
Amar Singh,FATEHGARH SAHIB,INC,0,Post Graduate,32808836,0,2019
Sadhvi Niranjan Jyoti,FATEHPUR,BJP,0,12th Pass,10667372,910148,2019
Rajkumar Chahar,FATEHPUR SIKRI,BJP, 3 ,Graduate,14854247,356404,2019
Dr. Chandra Sen Jadon,FIROZABAD,BJP,0,Graduate Professional,42872395,0,2019
Sukhbir Singh Badal,FIROZPUR,SAD, 4 ,Post Graduate,2179919870,954852600,2019
Ashok Mahadevrao Nete,GADCHIROLI CHIMUR,BJP,0,12th Pass,50136369,15682840,2019
Amit Shah,GANDHINAGAR,BJP, 4 ,12th Pass,403275307,4769587,2019
Nihal Chand,GANGANAGAR,BJP,0,Graduate,21014362,3631287,2019
Tirath Singh Rawat,GARHWAL,BJP,0,Post Graduate,15032657,3500000,2019
Queen Oja,GAUHATI,BJP,0,Graduate,630219570,34034178,2019
Dr. Mahesh Sharma,GAUTAM BUDDHA NAGAR,BJP,0,Graduate Professional,478759568,43863749,2019
Vijay Kumar,GAYA,JD(U), 3 ,12th Pass,12766141,3148932,2019
Deepak Adhikari,GHATAL,AITC,0,Others,317320579,7879681,2019
Vijay Kumar Singh,GHAZIABAD,BJP, 2 ,Doctorate,56545702,0,2019
Afzal Ansari,GHAZIPUR,BSP, 5 ,Post Graduate,137938756,0,2019
Atul Kumar Singh,GHOSI,BSP, 13 ,Graduate,66536025,3454591,2019
Chandra Prakash Choudhary,GIRIDIH,AJSU Party, 2 ,Graduate,13456889,1330000,2019
Nishikant Dubey,GODDA,BJP, 4 ,Doctorate,462757500,0,2019
Kirti Vardhan Singh Alias Raja Bhaiya,GONDA,BJP,0,Post Graduate,232735285,23201603,2019
Dr. Alok Kumar Suman,GOPALGANJ,JD(U),0,Post Graduate,32739903,3576376,2019
Ravindra Shyamnarayan Shukla Alias Ravi Kishan,GORAKHPUR,BJP,0,12th Pass,208494688,17711043,2019
Dr. Umesh G Jadhav,GULBARGA,BJP,0,Post Graduate,37490597,0,2019
Krishna Pal Singh,GUNA,BJP,0,Graduate Professional,16266408,494053,2019
Jayadev Galla,GUNTUR,TDP,0,Graduate,3051485242,203452417,2019
Ajay Singh Dharmendra Deol (Sunny Deol),GURDASPUR,BJP,0,Others,871925679,534644785,2019
Rao Inderjit Singh,GURGAON,BJP,0,Graduate Professional,420970754,31500000,2019
Vivek Narayan Shejwalkar,GWALIOR,BJP,0,Graduate Professional,58911673,0,2019
Pashupati Kumar Paras,HAJIPUR,LJP, 1 ,Graduate Professional,62834200,6744375,2019
Anurag Singh Thakur,HAMIRPUR,BJP, 3 ,Graduate,56770463,1085145,2019
Kunwar Pushpendra Singh,HAMIRPUR,BJP, 4 ,Post Graduate,167159924,35502582,2019
Jai Prakash,HARDOI,BJP,0,Graduate,234032624,2615368,2019
Ramesh Pokhriyal Nishank,HARIDWAR,BJP,0,Doctorate,28739888,16444,2019
Prajwal R,HASSAN,JD(S),0,Graduate Professional,97848632,37253210,2019
Rajvir Diler,HATHRAS,BJP,0,12th Pass,14930000,0,2019
Dhairyashil Sambhajirao Mane,HATKANANGLE,SHS,0,Graduate,47771462,41599959,2019
Udasi. S.C.,HAVERI,BJP,0,12th Pass,718499195,165566495,2019
Jayant Sinha,HAZARIBAGH,BJP,0,Post Graduate,770749002,193271437,2019
Kuruva Gorantla Madhav,HINDUPUR,YSRCP, 2 ,Graduate,1787356,730332,2019
Patil Hemant Shriram,HINGOLI,SHS,0,Graduate,18594458,1299983,2019
Brijendra Singh,HISAR,BJP,0,Post Graduate,146408734,27225637,2019
Locket Chatterjee,HOOGHLY,BJP, 14 ,Graduate,35655698,0,2019
Rao Uday Pratap Singh,HOSHANGABAD,BJP, 1 ,Graduate,154783105,9103300,2019
Som Parkash,HOSHIARPUR,BJP,0,Post Graduate,29404519,0,2019
Prasun Banerjee,HOWRAH,AITC, 1 ,Graduate,13216066,0,2019
Asaduddin Owaisi,HYDERABAD,AIMIM, 5 ,Graduate Professional,179044376,120500000,2019
Dean Kuriakose,IDUKKI,INC, 204 ,Post Graduate,13395011,10000000,2019
Shankar Lalwani,INDORE,BJP, 2 ,Graduate Professional,59038508,2106382,2019
Dr Rajkumar Ranjan Singh,INNER MANIPUR,BJP,0,Doctorate,19616174,0,2019
Rakesh Singh,JABALPUR,BJP, 1 ,Graduate,43134351,1387000,2019
Mimi Chakraborty,JADAVPUR,AITC,0,Graduate,24398786,1900788,2019
Rajashree Mallick,JAGATSINGHPUR,BJD,0,Graduate Professional,40023972,1433305,2019
Chandeshwar Prasad,JAHANABAD,JD(U), 3 ,10th Pass,139271693,0,2019
Ram Charan Bohra,JAIPUR,BJP,0,12th Pass,165322707,22000000,2019
Col. Rajyavardhan Rathore,JAIPUR RURAL,BJP,0,Graduate,127808070,0,2019
Sarmistha Sethi,JAJPUR,BJD,0,Post Graduate,15837082,0,2019
Santokh Singh Chaudhary,JALANDHAR,INC,0,Graduate Professional,99925185,2534363,2019
Bhanu Pratap Singh,JALAUN,BJP, 1 ,Post Graduate,10699516,12265,2019
Unmesh Bhaiyyasaheb Patil,JALGAON,BJP, 1 ,Graduate Professional,12324604,2529954,2019
Danve Raosaheb Dadarao,JALNA,BJP, 2 ,Graduate,229557992,2400000,2019
Devaji Patel,JALORE,BJP,0,10th Pass,88332292,60936530,2019
Jayanta Kumar Roy,JALPAIGURI,BJP,0,Graduate Professional,11625047,1352581,2019
Jugal Kishore,JAMMU,BJP,0,10th Pass,56481801,350040219,2019
Poonamben Hematbhai Maadam,JAMNAGAR,BJP,0,Graduate,427331034,98632194,2019
Bidyut Baran Mahato,JAMSHEDPUR,BJP, 3 ,12th Pass,27750671,2961830,2019
Chirag Kumar Paswan,JAMUI,LJP, 1 ,Graduate Professional,18466066,0,2019
Khalilur Rahaman,JANGIPUR,AITC,0,Graduate,368306705,2248968,2019
Guharam Ajgalle,JANJGIR CHAMPA,BJP,0,Graduate Professional,18400837,0,2019
Shyam Singh Yadav,JAUNPUR,BSP,0,Post Graduate,140717620,3577000,2019
Pratima Mondal,JAYNAGAR,AITC,0,Post Graduate,27471675,0,2019
Dushyant,JHALAWAR BARAN,BJP,0,Post Graduate,370432373,85824156,2019
Ramprit Mandal,JHANJHARPUR,JD(U), 1 ,10th Pass,88119686,1000000,2019
Anurag Sharma,JHANSI,BJP,0,Post Graduate,1243060113,14212970,2019
Kunar Hembram,JHARGRAM,BJP,0,Graduate Professional,10387498,565000,2019
Narendra Kumar,JHUNJHUNU,BJP, 1 ,Graduate,47474109,3278401,2019
Gajendra Singh Shekhawat,JODHPUR,BJP, 1 ,Post Graduate,138029511,58573744,2019
Topon Kumar Gogoi,JORHAT,BJP,0,Post Graduate,12597461,455398,2019
Chudasama Rajeshbhai Naranbhai,JUNAGADH,BJP, 1 ,12th Pass,10866041,1481768,2019
Chavda Vinod Lakhamshi,KACHCHH,BJP,0,Post Graduate,33508455,12458607,2019
Yeduguri Sandinti Avinash Reddy,KADAPA,YSRCP, 4 ,Post Graduate,186969794,22833319,2019
Pradeep Kumar,KAIRANA,BJP, 5 ,Post Graduate,17292937,1300000,2019
Brij Bhushan Sharan Singh,KAISERGANJ,BJP, 4 ,Graduate Professional,98905402,61524736,2019
Vanga Geetha Viswanatham,KAKINADA,YSRCP,0,Post Graduate,202528594,34416887,2019
Basanta Kumar Panda,KALAHANDI,BJP, 3 ,12th Pass,9547000,0,2019
Gaurav Gogoi,KALIABOR,INC,0,Post Graduate,13727834,1250000,2019
Gautham Sigamani Pon,KALLAKURICHI,DMK, 1 ,Post Graduate,471186830,81131909,2019
Dr. Shrikant Eknath Shinde,KALYAN,SHS, 1 ,Post Graduate,19616515,1241233,2019
Selvam.G,KANCHEEPURAM,DMK,0,Post Graduate,48172936,0,2019
Achyutananda Samanta,KANDHAMAL,BJD,0,Doctorate,1244722,0,2019
Kishan Kapoor,KANGRA,BJP, 2 ,12th Pass,85841247,3605161,2019
Mohan Mandavi,KANKER,BJP,0,Post Graduate,28675553,679000,2019
Subrat Pathak,KANNAUJ,BJP, 11 ,Graduate,54287991,28993930,2019
Vasanthakumar H,KANNIYAKUMARI,INC,0,Post Graduate,4174930444,1547511439,2019
K Sudhakaran,KANNUR,INC, 3 ,Post Graduate,29699206,7468633,2019
Satyadev Pachauri,KANPUR,BJP,0,Post Graduate,132382819,31052190,2019
Sisir Kumar Adhikari,KANTHI,AITC, 3 ,12th Pass,33979650,0,2019
Mahabali Singh,KARAKAT,JD(U), 3 ,8th Pass,43442051,3000000,2019
Manoj Rajoria,KARAULI DHOLPUR,BJP,0,Post Graduate,64867148,22121569,2019
Kripanath Mallah,KARIMGANJ,BJP,0,Graduate,1871040,0,2019
Bandi Sanjay Kumar,KARIMNAGAR,BJP, 6 ,Post Graduate,2270000,1341800,2019
Sanjay Bhatia,KARNAL,BJP,0,Graduate,2256739,500000,2019
Jothimani S,KARUR,INC,0,Post Graduate,6046055,379000,2019
Rajmohan Unnithan,KASARAGOD,INC, 1 ,Graduate,21570257,862257,2019
Dulal Chandra Goswami,KATIHAR,JD(U), 1 ,Graduate,13302734,3130766,2019
Vinod Kumar Sonkar,KAUSHAMBI,BJP, 4 ,Graduate,59336113,20730086,2019
Anubhav Mohanty,KENDRAPARA,BJD,0,Graduate,22309172,4133506,2019
Chandrani Murmu,KEONJHAR,BJD,0,Graduate Professional,340580,0,2019
Jasbir Singh Gill,KHADOOR SAHIB,INC,0,Others,81393500,4655000,2019
Choudhary Mahbub Ali Kaisar,KHAGARIA,LJP, 1 ,Graduate,109788313,0,2019
Vishnu Datt Sharma,KHAJURAHO,BJP,0,Post Graduate,10589334,2507176,2019
Nama Nageswr Rao,KHAMMAM,TRS, 5 ,12th Pass,1074671341,80721594,2019
Nandkumar Singh Chouhan (Nandu Bhaiya),KHANDWA,BJP,0,Post Graduate,19076515,4819099,2019
Gajendra Umrao Singh Patel,KHARGONE,BJP,0,Graduate Professional,67303990,1885020,2019
Chauhan Devusinh,KHEDA,BJP,0,Others,13023202,995240,2019
Ajay Kumar,KHERI,BJP, 1 ,Graduate Professional,45295455,0,2019
Arjun Munda,KHUNTI,BJP,0,12th Pass,91507865,27106434,2019
Dr. Mohammad Jawed,KISHANGANJ,INC, 1 ,Graduate Professional,90973803,5383958,2019
Annapurna Devi,KODARMA,BJP,0,Post Graduate,97636939,3189066,2019
Naba Kumar Sarania,KOKRAJHAR,IND, 5 ,12th Pass,13013994,175069,2019
S. Muniswamy,KOLAR,BJP, 2 ,12th Pass,174557500,19865690,2019
Sanjay Sadashivrao Mandlik,KOLHAPUR,SHS,0,Post Graduate,95171892,10580414,2019
Mala Roy,KOLKATA DAKSHIN,AITC, 3 ,Graduate,10308401,0,2019
Bandyopadhyay Sudip,KOLKATA UTTAR,AITC, 2 ,Graduate,61176355,0,2019
Premachandran N K,KOLLAM,Revolutionary Socialist Party, 5 ,Graduate Professional,17500650,3270587,2019
Karadi Sanganna Amarappa,KOPPAL,BJP, 1 ,10th Pass,28725791,22475333,2019
Saptagiri Sankar Ulaka,KORAPUT,INC,0,Graduate Professional,37587560,1217963,2019
Jyotsna Mahant,KORBA,INC,0,Post Graduate,150639697,0,2019
Om Birla,KOTA,BJP, 1 ,Post Graduate,48347737,0,2019
Thomas Chazhikadan,KOTTAYAM,Kerala Congress (M),0,Graduate Professional,26027478,495778,2019
M.K.Raghavan,KOZHIKODE,INC, 1 ,Graduate,12502009,3174805,2019
Dr.A.Chellakumar,KRISHNAGIRI,INC, 5 ,Post Graduate,121087979,66817959,2019
Mahua Moitra,KRISHNANAGAR,AITC,0,Graduate,26495250,671138,2019
Dr Sanjeev Kumar,KURNOOL,YSRCP,0,Post Graduate,325914387,62070621,2019
Nayab Singh,KURUKSHETRA,BJP,0,Graduate Professional,35785621,5720000,2019
Vijay Kumar Dubey,KUSHI NAGAR,BJP, 2 ,12th Pass,21860780,316847,2019
Tsering Namgyal,LADAKH,BJP, 1 ,Graduate,981904,0,2019
Pradan Baruah,LAKHIMPUR,BJP,0,12th Pass,14307978,5839285,2019
Mohammed Faizal Pp,LAKSHADWEEP,NCP, 2 ,Post Graduate,938641,0,2019
Sangeeta Azad,LALGANJ,BSP,0,Graduate Professional,88451770,0,2019
Sudhakar Tukaram Shrangare,LATUR,BJP,0,10th Pass,286478302,100250602,2019
Sudarshan Bhagat,LOHARDAGA,BJP,0,Graduate,12947303,525000,2019
Rajnath Singh,LUCKNOW,BJP,0,Post Graduate,51492709,0,2019
Ravneet Singh Bittu,LUDHIANA,INC, 3 ,12th Pass,54281096,3331266,2019
Bholanath (B.P. Saroj),MACHHLISHAHR,BJP,0,Graduate,259027394,11194163,2019
Balashowry Vallabhaneni,MACHILIPATNAM,YSRCP, 2 ,Post Graduate,990575840,746310844,2019
Ranjeetsinha Hindurao Naik Nimbalkar,MADHA,BJP, 2 ,12th Pass,1275160578,896315287,2019
Dinesh Chandra Yadav,MADHEPURA,JD(U), 1 ,Graduate Professional,37420953,700000,2019
Ashok Kumar Yadav,MADHUBANI,BJP, 1 ,Doctorate,46699125,7892847,2019
Venkatesan S,MADURAI,CPI(M),0,12th Pass,1811456,0,2019
Kavitha Malothu,MAHABUBABAD,TRS, 1 ,Graduate,19731269,1252068,2019
Janardan Singh Sigriwal,MAHARAJGANJ,BJP, 5 ,Graduate,10451986,376000,2019
Pankaj Choudhary,MAHARAJGANJ,BJP, 5 ,12th Pass,371827109,4483048,2019
Chunni Lal Sahu,MAHASAMUND,BJP,0,Graduate,17591683,1383014,2019
Manne Srinivas Reddy,MAHBUBNAGAR,TRS,0,12th Pass,63353123,4569251,2019
Shardaben Anilbhai Patel,MAHESANA,BJP,0,12th Pass,440308300,7477793,2019
Mulayam Singh Yadav,MAINPURI,SP, 1 ,Post Graduate,205604593,22055657,2019
Kunhalikutty,MALAPPURAM,IUML, 2 ,Graduate,52932535,0,2019
Abu Hasem Khan Chowdhury,MALDAHA DAKSHIN,INC,0,Doctorate,270959520,728107,2019
Khagen Murmu,MALDAHA UTTAR,BJP, 4 ,Graduate,10232439,1070914,2019
Anumula Revanth Reddy,MALKAJGIRI,INC, 42 ,Graduate,245357182,27807304,2019
Ram Swaroop Sharma,MANDI,BJP,0,10th Pass,15724337,783963,2019
Faggan Singh Kulaste,MANDLA,BJP,0,Post Graduate,26702373,1000075,2019
Sudheer Gupta,MANDSOUR,BJP, 1 ,Post Graduate,90908944,799283,2019
Sumalatha Ambareesh,MANDYA,IND,0,10th Pass,234154139,14232295,2019
Shri Dilip Saikia,MANGALDOI,BJP,0,Graduate,6206286,0,2019
Hema Malini Dharmendra Deol,MATHURA,BJP,0,Doctorate,2508270292,131288062,2019
Choudhury Mohan Jatua,MATHURAPUR,AITC,0,Post Graduate,10667304,0,2019
Shrirang Chandu Barne,MAVAL,SHS, 3 ,8th Pass,1023310134,416612,2019
Kodikunnil Suresh,MAVELIKKARA,INC, 1 ,Graduate Professional,12965129,982819,2019
Ramalingam S,MAYILADUTHURAI,DMK,0,Graduate,13355095,215000,2019
Bishweswar Tudu,MAYURBHANJ,BJP, 1 ,10th Pass,2742000,400000,2019
Kotha Prabhakar Reddy,MEDAK,TRS,0,Graduate,1266581773,268266203,2019
Dilip Kumar Ghosh,MEDINIPUR,BJP, 14 ,10th Pass,4536462,0,2019
Rajendra Agarwal,MEERUT,BJP, 3 ,Post Graduate,13489377,1990094,2019
Anupriya Singh Patel,MIRZAPUR,Apna Dal (Soneylal), 2 ,Post Graduate,26900662,1805603,2019
Ashok Kumar,MISRIKH,BJP,0,Post Graduate,48771207,5735470,2019
C Lalrosanga,MIZORAM,MNF,0,Graduate,131201374,0,2019
Kaushal Kishore,MOHANLALGANJ,BJP, 1 ,Graduate,55530561,0,2019
Dr. S T Hasan,MORADABAD,SP,0,Post Graduate,55795546,500000,2019
Narendra Singh Tomar,MORENA,BJP, 1 ,Graduate,23062224,6689767,2019
Gopal Chinnaya Shetty,MUMBAI NORTH,BJP, 9 ,5th Pass,157535232,21136135,2019
Poonam Vajendla Rao,MUMBAI NORTH CENTRAL,BJP, 2 ,Others,22242513,0,2019
Manoj Kishorbhai Kotak,MUMBAI NORTH EAST,BJP, 2 ,10th Pass,54661944,2048000,2019
Gajanan Chandrakant Kirtikar,MUMBAI NORTH WEST,SHS,0,Graduate,105392000,4032000,2019
Arvind Sawant,MUMBAI SOUTH,SHS, 1 ,Graduate,27181577,0,2019
Rahul Ramesh Shewale,MUMBAI SOUTH CENTRAL,SHS,0,Others,18881363,7778954,2019
Rajiv Ranjan Singh,MUNGER,JD(U), 1 ,Graduate,88324866,7534918,2019
Abu Taher Khan,MURSHIDABAD,AITC, 3 ,8th Pass,8926616,1350000,2019
Sanjeev Kumar Balyan,MUZAFFARNAGAR,BJP, 1 ,Doctorate,15781189,2373645,2019
Ajay Nishad,MUZAFFARPUR,BJP, 1 ,Graduate,298867486,15714320,2019
Prathap Simha,MYSORE,BJP, 3 ,Post Graduate,18723762,6586698,2019
Ramesh Chandra Majhi,NABARANGPUR,BJD,0,Graduate,8100600,771000,2019
Tokheho Yepthomi,NAGALAND,Nationalist Democratic Progressive Party,0,Graduate,128117474,18600000,2019
Selvaraj M,NAGAPATTINAM,CPI,0,12th Pass,4572837,1251381,2019
Pothuganti Ramulu,NAGARKURNOOL,TRS,0,Graduate,10778684,0,2019
Hanuman Beniwal,NAGAUR,Rashtriya Loktantrik Party,0,Graduate Professional,4218568,0,2019
Girish Chandra,NAGINA,BSP, 1 ,12th Pass,28659644,9062600,2019
Nitin Jairam Gadkari,NAGPUR,BJP, 4 ,Graduate Professional,187916075,40729055,2019
Ajay Bhatt,NAINITAL-UDHAMSINGH NAGAR,BJP,0,Graduate Professional,19699529,0,2019
Kaushlendra Kumar,NALANDA,JD(U),0,12th Pass,29251651,2712389,2019
Nalamada Uttam Kumar Reddy,NALGONDA,INC, 4 ,Graduate,31501349,1200000,2019
Chinraj A.K.P,NAMAKKAL,DMK,0,Graduate,485205173,18642484,2019
Chikhalikar Pratap Govindrao,NANDED,BJP,0,12th Pass,52178606,594000,2019
Heena Vijaykumar Gavit,NANDURBAR,BJP,0,Post Graduate,271634532,15291251,2019
Pocha Brahmananda Reddy,NANDYAL,YSRCP, 1 ,Post Graduate,585932911,177035582,2019
Lavu Sri Krishna Devarayalu,NARASARAOPET,YSRCP,0,Graduate Professional,177710073,10142413,2019
Kanumuru Raghu Rama Krishna Raju,NARSAPURAM,YSRCP, 3 ,Post Graduate,3259405378,1014467354,2019
Hemant Tukaram Godse,NASHIK,SHS, 1 ,Others,146869996,41083126,2019
Patil Chandrakant,NAVSARI,BJP, 1 ,10th Pass,446044269,56846658,2019
Chandan Singh,NAWADA,LJP, 2 ,Graduate,176720167,4722200,2019
Pradyut Bordoloi,NAWGONG,INC,0,Post Graduate,74143272,4011152,2019
Adala Prabhakara Reddy,NELLORE,YSRCP,0,12th Pass,2211663364,152281255,2019
Meenakashi Lekhi,NEW DELHI,BJP,0,Graduate Professional,361441689,7938378,2019
A. Raja,NILGIRIS,DMK, 6 ,Graduate Professional,49591024,1424914,2019
Dharmapuri Arvind,NIZAMABAD,BJP, 1 ,Post Graduate,876930468,337580746,2019
Manoj Tiwari,NORTH EAST DELHI,BJP, 3 ,Post Graduate,242817031,13618755,2019
Shripad Yesso Naik,NORTH GOA,BJP,0,Graduate,65795623,1491387,2019
Hans Raj Hans,NORTH WEST DELHI,BJP,0,10th Pass,130937732,47897494,2019
Magunta Sreenivasulu Reddy,ONGOLE,YSRCP,0,Graduate,266583686,91302133,2019
Omprakash Bhupalsinh Alias Pavan Rajenimbalkar,OSMANABAD,SHS, 4 ,12th Pass,50299295,10045858,2019
Lorho S. Pfoze,OUTER MANIPUR,NPF,0,Graduate Professional,13709352,0,2019
V K Sreekandan,PALAKKAD,INC, 7 ,Graduate,6356399,2709000,2019
Vishnu Dayal Ram,PALAMU,BJP,0,Graduate,32273873,90922,2019
Gavit Rajendra Dhedya,PALGHAR,SHS,0,Graduate,87616920,30223375,2019
P. P. Chaudhary,PALI,BJP,0,Graduate Professional,385111923,7278041,2019
Ratansinh Rathod,PANCHMAHAL,BJP,0,Graduate Professional,10260663,1081611,2019
Jadhav Sanjay (Bandu) Haribhau,PARBHANI,SHS, 6 ,10th Pass,41040011,4519583,2019
Dr. Sanjay Jaiswal,PASCHIM CHAMPARAN,BJP, 5 ,Post Graduate,199404885,67370030,2019
Ram Kripal Yadav,PATALIPUTRA,BJP,0,Graduate,29213467,1717310,2019
Dabhi Bharatsinhji Shankarji,PATAN,BJP,0,Graduate,47373221,5613860,2019
Anto Antony,PATHANAMTHITTA,INC, 1 ,Graduate,6075876,7723227,2019
Preneet Kaur,PATIALA,INC,0,Graduate,635973757,42453369,2019
Ravi Shankar Prasad,PATNA SAHIB,BJP,0,Post Graduate,235275591,0,2019
Venkatesh Netha Borlakunta,PEDDAPALLE,TRS,0,Doctorate,16597300,0,2019
Paarivendhar T R,PERAMBALUR,DMK, 2 ,Post Graduate,972730368,65935070,2019
Keshari Devi Patel,PHULPUR,BJP, 2 ,Post Graduate,172707104,6505194,2019
Feroze Varun Gandhi,PILIBHIT,BJP,0,Post Graduate,603200539,28952800,2019
K Shanmugasundaram,POLLACHI,DMK,0,Graduate Professional,133109284,13360639,2019
E T Mohammed Basheer,PONNANI,IUML,0,10th Pass,8103274,0,2019
Rameshbhai Dhaduk,PORBANDAR,BJP,0,10th Pass,357564783,217944697,2019
Sangam Lal Gupta,PRATAPGARH,BJP, 2 ,8th Pass,248789514,8895225,2019
V. Vaithilingam,PUDUCHERRY,INC,0,Graduate,108015548,520989,2019
Girish Bhalchandra Bapat,PUNE,BJP, 1 ,Graduate,57959302,1793891,2019
Pinaki Misra,PURI,BJD,0,Graduate Professional,1174701344,21932742,2019
Santosh Kumar,PURNIA,JD(U), 1 ,12th Pass,41036294,2500000,2019
Jyotirmay Singh Mahato,PURULIA,BJP, 2 ,Graduate Professional,2250540,456100,2019
Radha Mohan Singh,PURVI CHAMPARAN,BJP, 1 ,Graduate,33791375,1146627,2019
Sonia Gandhi,RAE BARELI,INC, 1 ,Others,118263916,0,2019
Raja Amareshwara Naik,RAICHUR,BJP,0,Graduate Professional,30638375,678532,2019
Tatkare Sunil Dattatray,RAIGAD,NCP,0,Others,127487277,3221073,2019
Debasree Chaudhuri,RAIGANJ,BJP, 2 ,Post Graduate,6139123,823416,2019
Gomati,RAIGARH,BJP,0,12th Pass,7043539,0,2019
Sunil Kumar Soni,RAIPUR,BJP,0,Graduate,46068126,2482214,2019
Margani Bharat Ram,RAJAHMUNDRY,YSRCP, 2 ,Graduate,458205360,17814757,2019
P.V.Midhun Reddy,RAJAMPET,YSRCP, 3 ,Post Graduate,665085701,205473477,2019
Rodmal Nagar,RAJGARH,BJP,0,Graduate,40198295,3921362,2019
Kundaria Mohanbhai,RAJKOT,BJP,0,8th Pass,68818120,16566856,2019
Vijay Kumar Hansdak,RAJMAHAL,JMM,0,10th Pass,12919555,2743560,2019
Santosh Pandey,RAJNANDGAON,BJP,0,Graduate Professional,24861970,1519820,2019
Diya Kumari,RAJSAMAND,BJP,0,Others,165984623,0,2019
K. Navaskani,RAMANATHAPURAM,IUML, 1 ,12th Pass,364738171,47008615,2019
Mohammad Azam Khan,RAMPUR,SP, 10 ,Graduate Professional,46124814,0,2019
Krupal Balaji Tumane,RAMTEK,SHS,0,Graduate,95603165,4228793,2019
Jagannath Sarkar,RANAGHAT,BJP, 1 ,Graduate Professional,17622476,0,2019
Sanjay Seth,RANCHI,BJP,0,Graduate Professional,14044267,100000,2019
Guman Singh Damor	,RATLAM,BJP,0,Graduate Professional,42072262,4890940,2019
Vinayak Bhaurao Raut,RATNAGIRI SINDHUDURG,SHS, 3 ,Post Graduate,50660534,2830000,2019
Khadse Raksha Nikhil,RAVER,BJP,0,Graduate,172713734,0,2019
Janardan Prasad Mishra,REWA,BJP,0,Graduate Professional,20359750,580627,2019
Pakauri Lal,ROBERTSGANJ,Apna Dal (Soneylal),0,Literate,23048078,684133,2019
Arvind Kumar Sharma,ROHTAK,BJP,0,Post Graduate,41079284,16778090,2019
Rathod Dipsinh Shankarsinh,SABARKANTHA,BJP,0,8th Pass,23997443,0,2019
Rajbahadur Singh,SAGAR,BJP, 1 ,Post Graduate,16416828,547428,2019
Haji Fazlur Rehman,SAHARANPUR,BSP,0,Graduate,46146135,60000,2019
Parthiban.S.R,SALEM,DMK, 4 ,Graduate Professional,60045532,4039841,2019
Ravinder,SALEMPUR,BJP,0,12th Pass,27031724,249400,2019
Ramchandra Paswan,SAMASTIPUR,LJP, 5 ,10th Pass,17375975,999057,2019
Nitesh Ganga Deb,SAMBALPUR,BJP, 1 ,12th Pass,269543587,10337195,2019
Dr. Shafiqur Rehman Barq,SAMBHAL,SP,0,Graduate,13296671,0,2019
Sanjaykaka Patil,SANGLI,BJP, 1 ,10th Pass,191192187,23345328,2019
Bhagwant Mann,SANGRUR,AAP,0,12th Pass,16427274,0,2019
Praveen Kumar Nishad,SANT KABIR NAGAR,BJP,0,Graduate Professional,4300614,2326248,2019
Rajiv Pratap Rudy,SARAN,BJP,0,Post Graduate,80740349,0,2019
Chhedi Paswan,SASARAM,BJP, 4 ,Post Graduate,37786578,2214842,2019
Bhonsle Shrimant Chhatrapati Udayanraje Pratapasinh Maharaj,SATARA,NCP, 8 ,12th Pass,1996813173,12340338,2019
Ganesh Singh,SATNA,BJP, 2 ,Post Graduate,41719076,0,2019
Gangapuram Kishan Reddy,SECUNDERABAD,BJP,0,Others,81430778,4500000,2019
Himadri Singh,SHAHDOL,BJP,0,Graduate,36564408,1736289,2019
Arun Kumar Sagar,SHAHJAHANPUR,BJP, 1 ,12th Pass,43448049,1179697,2019
Rama Devi,SHEOHAR,BJP, 1 ,Graduate Professional,328364940,0,2019
Vincent H. Pala,SHILLONG,INC,0,Graduate Professional,549515421,0,2019
Suresh Kumar Kashyap,SHIMLA,BJP,0,Post Graduate,15705738,7873806,2019
B.Y.Raghavendra,SHIMOGA,BJP, 2 ,Graduate Professional,674093851,14150647,2019
Sadashiv Kisan Lokhande,SHIRDI,SHS, 1 ,10th Pass,113710526,205100,2019
Amol Ramsing Kolhe,SHIRUR,NCP,0,Graduate Professional,43351521,1488116,2019
Ram Shiromani,SHRAWASTI,BSP,0,Graduate Professional,19108216,350000,2019
Riti Pathak,SIDHI,BJP,0,Post Graduate,51541791,505922,2019
Sumedhanand Saraswati,SIKAR,BJP,0,Post Graduate,2827638,2719583,2019
Indra Hang Subba,SIKKIM,Sikkim Krantikari Morcha,0,Post Graduate,478817,0,2019
Rajdeep Roy,SILCHAR,BJP,0,Post Graduate,29901767,6976701,2019
Geeta Kora,SINGHBHUM,INC, 1 ,Post Graduate,25249018,1928508,2019
Sunita Duggal,SIRSA,BJP,0,Post Graduate,42596349,2500000,2019
Sunil Kumar,SITAMARHI,JD(U), 6 ,Graduate,60717031,10277790,2019
Rajesh Verma,SITAPUR,BJP, 1 ,Post Graduate,73129716,108148,2019
Karti P Chidambaram,SIVAGANGA,INC, 8 ,Graduate Professional,793729024,174081116,2019
Kavita Singh,SIWAN,JD(U), 4 ,Post Graduate,19325264,412511,2019
Shri. Sha. Bra. Dr. Jay Siddeshwar Shivachrya Mahaswamiji,SOLAPUR,BJP,0,Graduate,27870079,0,2019
Ramesh Chander Kaushik,SONIPAT,BJP,0,Graduate Professional,235859266,0,2019
Ramesh Bidhuri,SOUTH DELHI,BJP, 2 ,Graduate Professional,180052708,2038454,2019
Cosme Francisco Caitano Sardinha,SOUTH GOA,INC,0,Graduate Professional,79402232,0,2019
Kalyan Banerjee,SREERAMPUR,AITC,0,Graduate Professional,175968902,5522403,2019
Rammohannaidu Kinjarapu,SRIKAKULAM,TDP, 1 ,Post Graduate,122791042,12000000,2019
Farooq Abdullah,SRINAGAR,Jammu & Kashmir National Conference, 1 ,Graduate Professional,121904435,0,2019
Baalu.T.R.,SRIPERUMBUDUR,DMK,0,Graduate,208806446,0,2019
Maneka Sanjay Gandhi,SULTANPUR,BJP,0,12th Pass,556926451,11935800,2019
Jual Oram,SUNDARGARH,BJP, 2 ,Others,74185014,12743330,2019
Dileshwar Kamait,SUPAUL,JD(U), 2 ,Graduate,23441606,0,2019
Jardosh Darshnaben Vikrambhai,SURAT,BJP,0,Graduate,23872876,0,2019
Mahendrabhai Munjpara,SURENDRANAGAR,BJP,0,Post Graduate,79084513,14822528,2019
Renuka Singh Saruta,SURGUJA,BJP,0,12th Pass,27682493,3251275,2019
Dibyendu Adhikari,TAMLUK,AITC, 1 ,Graduate,37687867,8397501,2019
Mala Rajya Laxmi Shah,TEHRI GARHWAL,BJP,0,12th Pass,1846640100,1350000000,2019
Dhanush M Kumar,TENKASI,DMK, 1 ,Post Graduate,51360700,2896862,2019
Pallab Lochan Das,TEZPUR,BJP,0,Graduate,14445139,0,2019
Rajan Baburao Vichare,THANE,SHS, 9 ,12th Pass,181441465,54080733,2019
Palanimanickam.S.S,THANJAVUR,DMK,0,Graduate Professional,42452076,2368600,2019
P. Raveendranath Kumar,THENI,AIADMK,0,Post Graduate,65803231,32734079,2019
Shashi Tharoor,THIRUVANANTHAPURAM,INC, 2 ,Doctorate,350022585,0,2019
Kanimozhi Karunanidhi,THOOTHUKKUDI,DMK, 6 ,Graduate Professional,303373130,19290928,2019
T. N. Prathapan,THRISSUR,INC, 7 ,12th Pass,8609349,2978120,2019
Virendra Kumar,TIKAMGARH,BJP,0,Doctorate,21503766,1974216,2019
Thirunavukkarasar. Su,TIRUCHIRAPPALLI,INC,0,Post Graduate,32182184,40208,2019
Gnanathiraviam S,TIRUNELVELI,DMK, 4 ,10th Pass,232759237,46149049,2019
Balli Durgaprasad Rao,TIRUPATI,YSRCP,0,Graduate Professional,17426921,0,2019
Subbarayan.K,TIRUPPUR,CPI,0,10th Pass,8035576,500000,2019
Dr.K.Jayakumar,TIRUVALLUR,INC,0,Doctorate,24583769,0,2019
Annadurai C N,TIRUVANNAMALAI,DMK,0,Graduate,134897466,32243604,2019
Sukhbir Singh Jaunapuria,TONK SAWAI MADHOPUR,BJP,0,12th Pass,1233802420,0,2019
Rebati Tripura,TRIPURA EAST,BJP,0,Post Graduate,1948315,0,2019
Pratima Bhoumik,TRIPURA WEST,BJP,0,Graduate,642398,0,2019
G S Basavaraj,TUMKUR,BJP,0,Graduate Professional,510779150,113844867,2019
Agatha K. Sangma,TURA,NPP,0,Post Graduate,29406813,0,2019
Arjunlal Meena,UDAIPUR,BJP,0,Post Graduate,48196946,15602872,2019
Dr. Jitendra Singh,UDHAMPUR,BJP,0,Post Graduate,70827203,0,2019
Shobha Karandlaje,UDUPI CHIKMAGALUR,BJP, 3 ,Post Graduate,104872668,49936840,2019
Nityanand Rai,UJIARPUR,BJP, 3 ,Graduate,187007570,357561,2019
Anil Firojiya,UJJAIN,BJP,0,12th Pass,26417937,3203766,2019
Sajda Ahmed,ULUBERIA,AITC,0,Graduate,28351569,5322615,2019
Swami Sachchidanand Hari Sakshi,UNNAO,BJP, 4 ,Doctorate,40886941,699025,2019
Anantkumar Hegde,UTTARA KANNADA,BJP, 4 ,12th Pass,84755455,41016655,2019
K. Muraleedharan,VADAKARA,INC, 3 ,Graduate,114379340,0,2019
Ranjanben Bhatt,VADODARA,BJP,0,12th Pass,29426428,0,2019
Veena Devi,VAISHALI,LJP, 2 ,10th Pass,337284632,112089220,2019
Baidyanath Prasad Mahto,VALMIKI NAGAR,JD(U), 4 ,10th Pass,17934888,2915945,2019
Dr.K.C.Patel,VALSAD,BJP,0,Graduate Professional,68239480,0,2019
Narendra Modi,VARANASI,BJP,0,Post Graduate,25136119,0,2019
D.M. Kathir Anand,VELLORE,DMK, 2 ,Post Graduate,587579451,3307588,2019
Ramakant Bhargava,VIDISHA,BJP,0,12th Pass,30032282,3332012,2019
Srinivas Kesineni,VIJAYAWADA,TDP,0,10th Pass,808152415,512332955,2019
Ravikumar D,VILUPPURAM,DMK,0,Doctorate,6509860,1369031,2019
"Manickam Tagore, B.",VIRUDHUNAGAR,INC, 1 ,Graduate Professional,49705799,3600203,2019
M V V Satyanarayana,VISAKHAPATNAM,YSRCP, 1 ,10th Pass,2023905124,160030959,2019
Bellana Chandra Sekhar,VIZIANAGARAM,YSRCP, 4 ,Graduate Professional,21035766,11130148,2019
Dayakar Pasnori,WARANGAL,TRS,0,Graduate,24889712,1428227,2019
Ramdas Chandrabhanji Tadas,WARDHA,BJP,0,10th Pass,65807822,8961387,2019
Rahul Gandhi,WAYANAD,INC, 5 ,Post Graduate,158877063,7201904,2019
Parvesh Sahib Singh,WEST DELHI,BJP,0,Post Graduate,155195014,40097329,2019
Bhavana Pundlikrao Gawali,YAVATMAL WASHIM,SHS, 3 ,Graduate,96873189,7396250,2019
B.B.Patil,ZAHIRABAD,TRS, 18 ,Graduate,1287851556,11535000,2019
